   0.0000000      4.72816064E-05  8.72946403E-05
  0.11796679      2.03269974E-05  3.75863419E-05
  0.23593359     -2.60236702E-05 -4.78934999E-05
  0.35390037     -3.48333742E-05 -6.41438965E-05
  0.47186717     -2.04623552E-06 -3.68390874E-06
  0.58983397      2.25107251E-05  4.15988688E-05
  0.70780075      6.64632898E-06  1.23383943E-05
  0.82576758     -2.14069769E-05 -3.94023627E-05
  0.94373435     -1.64009434E-05 -3.01801338E-05
   1.0617012      1.83337997E-05  3.38634418E-05
   1.1796679      3.51995004E-05  6.49524227E-05
   1.2976347      8.61650642E-06  1.59144238E-05
   1.4156015     -2.93609555E-05 -5.41390145E-05
   1.5335683     -3.13987366E-05 -5.79179068E-05
   1.6515352      3.86452848E-06  7.08886046E-06
   1.7695019      3.19479368E-05  5.88540133E-05
   1.8874687      1.95384146E-05  3.59451587E-05
   2.0054355     -1.68681709E-05 -3.12164557E-05
   2.1234024     -3.46983106E-05 -6.41193983E-05
   2.2413690     -1.53417841E-05 -2.84434282E-05
   2.3593359      1.94750701E-05  3.57462777E-05
   2.4773026      3.58171601E-05  6.58699282E-05
   2.5952694      2.17061843E-05  3.98382363E-05
   2.7132363     -6.79609138E-06 -1.27292133E-05
   2.8312030     -2.53175513E-05 -4.68875696E-05
   2.9491699     -2.28844110E-05 -4.23999190E-05
   3.0671365     -7.56100735E-06 -1.41379423E-05
   3.1851034      5.22897926E-06  9.45486045E-06
   3.3030703      8.84481233E-06  1.61315766E-05
   3.4210370      9.19923968E-06  1.67955368E-05
   3.5390038      1.21947696E-05  2.23313364E-05
   3.6569705      1.20228442E-05  2.20268539E-05
   3.7749374     -7.08972948E-07 -1.43936757E-06
   3.8929043     -1.96966666E-05 -3.64425541E-05
   4.0108709     -2.30106580E-05 -4.25421858E-05
   4.1288376     -7.59187401E-07 -1.49679590E-06
   4.2468047      2.47476564E-05  4.55508780E-05
   4.3647714      2.09847931E-05  3.86206120E-05
   4.4827380     -1.16895490E-05 -2.16261778E-05
   4.6007051     -3.40623337E-05 -6.28742055E-05
   4.7186718     -1.50321230E-05 -2.77670297E-05
   4.8366385      2.59838835E-05  4.78882976E-05
   4.9546051      3.99896162E-05  7.37367300E-05
   5.0725722      9.78195203E-06  1.80532388E-05
   5.1905389     -2.79723172E-05 -5.15442516E-05
   5.3085055     -3.00667634E-05 -5.53783066E-05
   5.4264727     -1.07194364E-06 -1.87916851E-06
   5.5444393      1.69853611E-05  3.14483877E-05
   5.6624060      3.33625690E-06  6.30226850E-06
   5.7803731     -1.53463570E-05 -2.81299199E-05
   5.8983397     -5.53868404E-06 -1.00260131E-05
   6.0163064      2.37877684E-05  4.40693948E-05
   6.1342731      3.18121056E-05  5.88772346E-05
   6.2522402      1.75361095E-06  3.45177841E-06
   6.3702068     -3.43808424E-05 -6.31817311E-05
   6.4881735     -3.55536504E-05 -6.53440293E-05
   6.6061406     -2.82932069E-06 -4.99771249E-06
   6.7241073      2.44217499E-05  4.52533677E-05
   6.8420739      1.93917695E-05  3.59722580E-05
   6.9600410     -1.96759538E-06 -3.42401859E-06
   7.0780077     -7.79237598E-06 -1.41739010E-05
   7.1959743      5.66910785E-06  1.06417765E-05
   7.3139410      1.22222309E-05  2.27174041E-05
   7.4319081     -3.95615962E-06 -7.12669225E-06
   7.5498748     -2.29474281E-05 -4.21583827E-05
   7.6678414     -1.52504217E-05 -2.79744472E-05
   7.7858086      1.45175900E-05  2.69099601E-05
   7.9037752      2.75689254E-05  5.09656529E-05
   8.0217419      7.20384492E-07  1.44013666E-06
   8.1397085     -3.68361361E-05 -6.78332726E-05
   8.2576752     -3.34376455E-05 -6.15820391E-05
   8.3756428      1.85693643E-05  3.43078063E-05
   8.4936094      6.40783110E-05  1.18213662E-04
   8.6115761      4.61959426E-05  8.52184457E-05
   8.7295427     -2.28259360E-05 -4.20834804E-05
   8.8475094     -7.09887099E-05 -1.30918299E-04
   8.9654760     -4.98321097E-05 -9.19204103E-05
   9.0834427      1.03553439E-05  1.90535684E-05
   9.2014103      4.22731682E-05  7.78931062E-05
   9.3193769      2.46472500E-05  4.53665052E-05
   9.4373436     -1.43387206E-06 -2.75336697E-06
   9.5553102      1.34931008E-06  2.35582434E-06
   9.6732769      1.45609092E-05  2.66969146E-05
   9.7912436     -7.88038790E-07 -1.62911624E-06
   9.9092102     -3.64305270E-05 -6.73752365E-05
   10.027178     -4.08021006E-05 -7.54492867E-05
   10.145144      4.48600849E-06  8.05942454E-06
   10.263111      4.63015167E-05  8.51668301E-05
   10.381078      2.45433112E-05  4.50376574E-05
   10.499044     -4.22943231E-05 -7.82225034E-05
   10.617011     -7.20814714E-05 -1.33155103E-04
   10.734978     -2.37502773E-05 -4.40253934E-05
   10.852945      4.48976825E-05  8.25727839E-05
   10.970912      4.56743655E-05  8.40087305E-05
   11.088879     -3.19305000E-05 -5.91000207E-05
   11.206845     -1.10749927E-04 -2.04446929E-04
   11.324812     -1.22217578E-04 -2.25585944E-04
   11.442779     -8.42523004E-05 -1.55561487E-04
   11.560746     -7.00793898E-05 -1.29410982E-04
   11.678713     -1.18965123E-04 -2.19547306E-04
   11.796679     -2.01077404E-04 -3.70956521E-04
   11.914646     -2.68368138E-04 -4.95031651E-04
   12.032613     -3.21260944E-04 -5.92554046E-04
   12.150579     -4.15572082E-04 -7.66457233E-04
   12.268546     -6.07159047E-04 -1.11975078E-03
   12.386514     -8.93350632E-04 -1.64751033E-03
   12.504480     -1.21393159E-03 -2.23869202E-03
   12.622447     -1.52597087E-03 -2.81412550E-03
   12.740414     -1.89094082E-03 -3.48717440E-03
   12.858380     -2.47150008E-03 -4.55780141E-03
   12.976347     -3.40844784E-03 -6.28565717E-03
   13.094314     -4.70359437E-03 -8.67407955E-03
   13.212281     -6.27969671E-03 -1.15806237E-02
   13.330248     -8.19639582E-03 -1.51152741E-02
   13.448215     -1.07649025E-02 -1.98519453E-02
   13.566181     -1.43758925E-02 -2.65110899E-02
   13.684148     -1.92362089E-02 -3.54741625E-02
   13.802114     -2.54104510E-02 -4.68602888E-02
   13.920082     -3.32038626E-02 -6.12323806E-02
   14.038049     -4.33699563E-02 -7.99800083E-02
   14.156015     -5.66645414E-02 -0.10449699    
   14.273982     -7.30322376E-02 -0.13468118    
   14.391949     -9.13067758E-02 -0.16838185    
   14.509915     -0.10985398     -0.20258532    
   14.627882     -0.12748308     -0.23509572    
   14.745850     -0.14356478     -0.26475245    
   14.863816     -0.15724052     -0.28997231    
   14.981783     -0.16681036     -0.30762032    
   15.099750     -0.17029920     -0.31405416    
   15.217716     -0.16681038     -0.30762032    
   15.335683     -0.15724055     -0.28997234    
   15.453650     -0.14356479     -0.26475248    
   15.571617     -0.12748310     -0.23509575    
   15.689584     -0.10985400     -0.20258535    
   15.807550     -9.13068056E-02 -0.16838188    
   15.925517     -7.30322674E-02 -0.13468124    
   16.043484     -5.66645674E-02 -0.10449704    
   16.161451     -4.33699712E-02 -7.99800605E-02
   16.279417     -3.32038738E-02 -6.12324290E-02
   16.397385     -2.54104566E-02 -4.68603373E-02
   16.515350     -1.92362126E-02 -3.54742073E-02
   16.633318     -1.43758934E-02 -2.65111271E-02
   16.751286     -1.07649015E-02 -1.98519714E-02
   16.869251     -8.19639303E-03 -1.51152890E-02
   16.987219     -6.27969345E-03 -1.15806293E-02
   17.105185     -4.70359111E-03 -8.67407676E-03
   17.223152     -3.40844505E-03 -6.28564786E-03
   17.341118     -2.47149775E-03 -4.55778837E-03
   17.459085     -1.89093861E-03 -3.48716066E-03
   17.577053     -1.52596913E-03 -2.81411409E-03
   17.695019     -1.21393078E-03 -2.23868480E-03
   17.812986     -8.93350865E-04 -1.64750789E-03
   17.930952     -6.07160327E-04 -1.11975241E-03
   18.048920     -4.15574090E-04 -7.66461715E-04
   18.166885     -3.21263302E-04 -5.92560042E-04
   18.284853     -2.68370582E-04 -4.95037821E-04
   18.402821     -2.01079747E-04 -3.70961759E-04
   18.520786     -1.18967233E-04 -2.19550639E-04
   18.638754     -7.00811870E-05 -1.29411870E-04
   18.756720     -8.42538284E-05 -1.55560003E-04
   18.874687     -1.22219019E-04 -2.25582742E-04
   18.992653     -1.10751469E-04 -2.04442942E-04
   19.110620     -3.19322717E-05 -5.90961863E-05
   19.228588      4.56722628E-05  8.40116627E-05
   19.346554      4.48951287E-05  8.25743118E-05
   19.464521     -2.37532822E-05 -4.40254880E-05
   19.582487     -7.20846365E-05 -1.33156660E-04
   19.700455     -4.22970734E-05 -7.82250645E-05
   19.818420      2.45414540E-05  4.50345760E-05
   19.936388      4.63006181E-05  8.51635996E-05
   20.054356      4.48576429E-06  8.05633044E-06
   20.172321     -4.08019478E-05 -7.54519351E-05
   20.290289     -3.64299049E-05 -6.73772156E-05
   20.408255     -7.86732755E-07 -1.63064647E-06
   20.526222      1.45628574E-05  2.66950683E-05
   20.644188      1.35146058E-06  2.35273978E-06
   20.762156     -1.43204807E-06 -2.75813068E-06
   20.880123      2.46484906E-05  4.53603898E-05
   20.998089      4.22738340E-05  7.78864560E-05
   21.116056      1.03553584E-05  1.90472601E-05
   21.234022     -4.98330774E-05 -9.19255617E-05
   21.351990     -7.09910164E-05 -1.30921369E-04
   21.469955     -2.28295085E-05 -4.20833821E-05
   21.587923      4.61917261E-05  8.52224912E-05
   21.705891      6.40742437E-05  1.18221680E-04
   21.823856      1.85658682E-05  3.43189167E-05
   21.941824     -3.34407014E-05 -6.15693571E-05
   22.059790     -3.68390829E-05 -6.78208162E-05
   22.177757      7.17503951E-07  1.45052547E-06
   22.295725      2.75665170E-05  5.09722740E-05
   22.413691      1.45162048E-05  2.69115535E-05
   22.531658     -1.52505372E-05 -2.79783380E-05
   22.649624     -2.29465095E-05 -4.21671757E-05
   22.767591     -3.95468714E-06 -7.13881855E-06
   22.885557      1.22238889E-05  2.27042365E-05
   23.003525      5.67087727E-06  1.06302432E-05
   23.121492     -7.79035963E-06 -1.41811306E-05
   23.239458     -1.96516498E-06 -3.42471685E-06
   23.357426      1.93946998E-05  3.59794176E-05
   23.475391      2.44251460E-05  4.52684617E-05
   23.593359     -2.82563337E-06 -4.97595965E-06
   23.711325     -3.55499833E-05 -6.53181050E-05
   23.829292     -3.43775355E-05 -6.31549556E-05
   23.947260      1.75634239E-06  3.47578566E-06
   24.065226      3.18142411E-05  5.88951407E-05
   24.183193      2.37894383E-05  4.40787044E-05
   24.301159     -5.53728978E-06 -1.00265233E-05
   24.419127     -1.53450255E-05 -2.81399134E-05
   24.537092      3.33775461E-06  6.28473026E-06
   24.655060      1.69871637E-05  3.14265744E-05
   24.773027     -1.06992752E-06 -1.90122807E-06
   24.890993     -3.00648662E-05 -5.53965765E-05
   25.008961     -2.79708984E-05 -5.15554020E-05
   25.126926      9.78277785E-06  1.80512743E-05
   25.244894      3.99900200E-05  7.37444207E-05
   25.362860      2.59840945E-05  4.79044393E-05
   25.480827     -1.50320648E-05 -2.77450636E-05
   25.598795     -3.40625738E-05 -6.28499402E-05
   25.716761     -1.16902156E-05 -2.16033750E-05
   25.834728      2.09837490E-05  3.86385582E-05
   25.952694      2.47463631E-05  4.55614427E-05
   26.070662     -7.60744115E-07 -1.49492917E-06
   26.188627     -2.30127062E-05 -4.25488652E-05
   26.306595     -1.96994824E-05 -3.64561747E-05
   26.424562     -7.12646568E-07 -1.45726017E-06
   26.542528      1.20184513E-05  2.20077836E-05
   26.660496      1.21898292E-05  2.23139559E-05
   26.778461      9.19372633E-06  1.67820599E-05
   26.896429      8.83850225E-06  1.61233984E-05
   27.014395      5.22170285E-06  9.45248303E-06
   27.132362     -7.56910458E-06 -1.41349574E-05
   27.250330     -2.28928875E-05 -4.23929341E-05
   27.368296     -2.53259750E-05 -4.68786311E-05
   27.486263     -6.80430094E-06 -1.27205758E-05
   27.604229      2.16981443E-05  3.98445882E-05
   27.722197      3.58093785E-05  6.58725985E-05
   27.840164      1.94679960E-05  3.57445497E-05
   27.958130     -1.53475248E-05 -2.84496309E-05
   28.076097     -3.47023197E-05 -6.41295119E-05
   28.194063     -1.68705174E-05 -3.12293450E-05
   28.312031      1.95373686E-05  3.59309743E-05
   28.429996      3.19478713E-05  5.88400108E-05
   28.547964      3.86531110E-06  7.07621348E-06
   28.665932     -3.13971723E-05 -5.79284533E-05
   28.783897     -2.93587382E-05 -5.41471200E-05
   28.901865      8.61922308E-06  1.59086812E-05
   29.019831      3.52027055E-05  6.49485009E-05
   29.137798      1.83376160E-05  3.38604841E-05
   29.255764     -1.63964669E-05 -3.01829186E-05
   29.373732     -2.14020783E-05 -3.94052804E-05
   29.491699      6.65115431E-06  1.23355439E-05
   29.609665      2.25149797E-05  4.15964278E-05
   29.727633     -2.04282696E-06 -3.68584620E-06
   29.845598     -3.48308495E-05 -6.41454681E-05
   29.963566     -2.60219858E-05 -4.78947695E-05
   30.081532      2.03278505E-05  3.75855816E-05
   30.199499      4.72816064E-05  8.72946403E-05
